  2.50000E-005	  4.89286E+001	  0.00000E+000	  0.00000E+000	  0.00000E+000
  5.00000E-005	  4.46061E+001	  0.00000E+000	  0.00000E+000	  0.00000E+000
  7.50000E-005	  3.47921E+001	  0.00000E+000	  0.00000E+000	  0.00000E+000
  1.00000E-004	  1.07245E+001	  0.00000E+000	  0.00000E+000	  0.00000E+000
  1.25000E-004	  3.69864E+000	  0.00000E+000	  0.00000E+000	  0.00000E+000
  1.50000E-004	  1.05975E+000	  0.00000E+000	  0.00000E+000	  0.00000E+000
  1.75000E-004	  8.07521E-001	  0.00000E+000	  0.00000E+000	  0.00000E+000
  2.00000E-004	  7.10708E-001	  0.00000E+000	  0.00000E+000	  0.00000E+000
  2.25000E-004	  6.09003E-001	  0.00000E+000	  0.00000E+000	  0.00000E+000
  2.50000E-004	  5.51352E-001	  0.00000E+000	  0.00000E+000	  0.00000E+000
  2.75000E-004	  5.25655E-001	  0.00000E+000	  0.00000E+000	  0.00000E+000
  3.00000E-004	  5.30188E-001	  0.00000E+000	  0.00000E+000	  0.00000E+000
  3.25000E-004	  5.60783E-001	  0.00000E+000	  0.00000E+000	  0.00000E+000
  3.50000E-004	  6.00973E-001	  0.00000E+000	  0.00000E+000	  0.00000E+000
  3.75000E-004	  6.48285E-001	  0.00000E+000	  0.00000E+000	  0.00000E+000
  4.00000E-004	  6.62014E-001	  0.00000E+000	  0.00000E+000	  0.00000E+000
  4.50000E-004	  5.88688E-001	  0.00000E+000	  0.00000E+000	  0.00000E+000
  5.00000E-004	  4.69354E-001	  0.00000E+000	  0.00000E+000	  0.00000E+000
  5.50000E-004	  3.63497E-001	  0.00000E+000	  0.00000E+000	  0.00000E+000
  6.00000E-004	  3.28905E-001	  0.00000E+000	  0.00000E+000	  0.00000E+000
  6.50000E-004	  3.05729E-001	  0.00000E+000	  0.00000E+000	  0.00000E+000
  7.00000E-004	  2.81035E-001	  0.00000E+000	  0.00000E+000	  0.00000E+000
  7.50000E-004	  2.58033E-001	  0.00000E+000	  0.00000E+000	  0.00000E+000
  8.00000E-004	  2.37099E-001	  0.00000E+000	  0.00000E+000	  0.00000E+000
  9.00000E-004	  2.07003E-001	  0.00000E+000	  0.00000E+000	  0.00000E+000
  1.00000E-003	  1.88586E-001	  0.00000E+000	  0.00000E+000	  0.00000E+000
  1.10000E-003	  1.70632E-001	  0.00000E+000	  0.00000E+000	  0.00000E+000
  1.20000E-003	  1.54969E-001	  0.00000E+000	  0.00000E+000	  0.00000E+000
  1.30000E-003	  1.41185E-001	  0.00000E+000	  0.00000E+000	  0.00000E+000
  1.40000E-003	  1.32574E-001	  0.00000E+000	  0.00000E+000	  0.00000E+000
  1.50000E-003	  1.29869E-001	  0.00000E+000	  0.00000E+000	  0.00000E+000
  1.60000E-003	  1.28578E-001	  0.00000E+000	  0.00000E+000	  0.00000E+000
  1.80000E-003	  1.28203E-001	  0.00000E+000	  0.00000E+000	  0.00000E+000
  2.00000E-003	  1.35784E-001	  0.00000E+000	  0.00000E+000	  0.00000E+000
  2.20000E-003	  1.40635E-001	  0.00000E+000	  0.00000E+000	  0.00000E+000
  2.40000E-003	  1.47593E-001	  0.00000E+000	  0.00000E+000	  0.00000E+000
  2.60000E-003	  1.45931E-001	  0.00000E+000	  0.00000E+000	  0.00000E+000
  2.80000E-003	  1.42787E-001	  0.00000E+000	  0.00000E+000	  0.00000E+000
  3.00000E-003	  1.34728E-001	  0.00000E+000	  0.00000E+000	  0.00000E+000
  3.20000E-003	  1.25365E-001	  0.00000E+000	  0.00000E+000	  0.00000E+000
  3.60000E-003	  1.04478E-001	  0.00000E+000	  0.00000E+000	  0.00000E+000
  4.00000E-003	  8.88452E-002	  0.00000E+000	  0.00000E+000	  0.00000E+000
  4.40000E-003	  7.46857E-002	  0.00000E+000	  0.00000E+000	  0.00000E+000
  4.80000E-003	  6.34815E-002	  0.00000E+000	  0.00000E+000	  0.00000E+000
  5.20000E-003	  5.34121E-002	  0.00000E+000	  0.00000E+000	  0.00000E+000
  5.60000E-003	  4.77021E-002	  0.00000E+000	  0.00000E+000	  0.00000E+000
  6.00000E-003	  4.45858E-002	  0.00000E+000	  0.00000E+000	  0.00000E+000
  6.40000E-003	  4.23455E-002	  0.00000E+000	  0.00000E+000	  0.00000E+000
  7.20000E-003	  3.87250E-002	  0.00000E+000	  0.00000E+000	  0.00000E+000
  8.00000E-003	  3.57632E-002	  0.00000E+000	  0.00000E+000	  0.00000E+000
  8.80000E-003	  3.33384E-002	  0.00000E+000	  0.00000E+000	  0.00000E+000
  9.60000E-003	  3.29780E-002	  0.00000E+000	  0.00000E+000	  0.00000E+000
  1.04000E-002	  3.23789E-002	  0.00000E+000	  0.00000E+000	  0.00000E+000
  1.12000E-002	  3.30474E-002	  0.00000E+000	  0.00000E+000	  0.00000E+000
  1.20000E-002	  3.20164E-002	  0.00000E+000	  0.00000E+000	  0.00000E+000
  1.28000E-002	  3.20732E-002	  0.00000E+000	  0.00000E+000	  0.00000E+000
  1.44000E-002	  3.09769E-002	  0.00000E+000	  0.00000E+000	  0.00000E+000
  1.60000E-002	  3.09222E-002	  0.00000E+000	  0.00000E+000	  0.00000E+000
  1.76000E-002	  2.94018E-002	  0.00000E+000	  0.00000E+000	  0.00000E+000
  1.92000E-002	  2.94998E-002	  0.00000E+000	  0.00000E+000	  0.00000E+000
  2.08000E-002	  2.87511E-002	  0.00000E+000	  0.00000E+000	  0.00000E+000
  2.24000E-002	  2.83839E-002	  0.00000E+000	  0.00000E+000	  0.00000E+000
  2.40000E-002	  2.87605E-002	  0.00000E+000	  0.00000E+000	  0.00000E+000
  2.56000E-002	  2.81949E-002	  0.00000E+000	  0.00000E+000	  0.00000E+000
  2.88000E-002	  2.75045E-002	  0.00000E+000	  0.00000E+000	  0.00000E+000
  3.20000E-002	  2.71766E-002	  0.00000E+000	  0.00000E+000	  0.00000E+000
  3.52000E-002	  2.65748E-002	  0.00000E+000	  0.00000E+000	  0.00000E+000
  3.84000E-002	  2.66851E-002	  0.00000E+000	  0.00000E+000	  0.00000E+000
  4.16000E-002	  2.66780E-002	  0.00000E+000	  0.00000E+000	  0.00000E+000
  4.48000E-002	  2.61680E-002	  0.00000E+000	  0.00000E+000	  0.00000E+000
  4.80000E-002	  2.49691E-002	  0.00000E+000	  0.00000E+000	  0.00000E+000
  5.12000E-002	  2.49089E-002	  0.00000E+000	  0.00000E+000	  0.00000E+000
  5.76000E-002	  2.40816E-002	  0.00000E+000	  0.00000E+000	  0.00000E+000
  6.40000E-002	  2.48231E-002	  0.00000E+000	  0.00000E+000	  0.00000E+000
  7.04000E-002	  2.44341E-002	  0.00000E+000	  0.00000E+000	  0.00000E+000
  7.68000E-002	  2.34391E-002	  0.00000E+000	  0.00000E+000	  0.00000E+000
  8.32000E-002	  2.27144E-002	  0.00000E+000	  0.00000E+000	  0.00000E+000
  8.96000E-002	  2.25197E-002	  0.00000E+000	  0.00000E+000	  0.00000E+000
  9.60000E-002	  2.23538E-002	  0.00000E+000	  0.00000E+000	  0.00000E+000
  1.02400E-001	  2.18985E-002	  0.00000E+000	  0.00000E+000	  0.00000E+000
  1.15200E-001	  2.11291E-002	  0.00000E+000	  0.00000E+000	  0.00000E+000
  1.28000E-001	  2.02260E-002	  0.00000E+000	  0.00000E+000	  0.00000E+000
  1.40800E-001	  1.92930E-002	  0.00000E+000	  0.00000E+000	  0.00000E+000
  1.53600E-001	  1.87083E-002	  0.00000E+000	  0.00000E+000	  0.00000E+000
  1.66400E-001	  1.84954E-002	  0.00000E+000	  0.00000E+000	  0.00000E+000
  1.79200E-001	  1.74602E-002	  0.00000E+000	  0.00000E+000	  0.00000E+000
  1.92000E-001	  1.68390E-002	  0.00000E+000	  0.00000E+000	  0.00000E+000
  2.04800E-001	  1.62941E-002	  0.00000E+000	  0.00000E+000	  0.00000E+000
  2.30400E-001	  1.56225E-002	  0.00000E+000	  0.00000E+000	  0.00000E+000
  2.56000E-001	  1.46070E-002	  0.00000E+000	  0.00000E+000	  0.00000E+000
  2.81600E-001	  1.34359E-002	  0.00000E+000	  0.00000E+000	  0.00000E+000
  3.07200E-001	  1.22387E-002	  0.00000E+000	  0.00000E+000	  0.00000E+000
  3.32800E-001	  1.17352E-002	  0.00000E+000	  0.00000E+000	  0.00000E+000
  3.58400E-001	  1.06844E-002	  0.00000E+000	  0.00000E+000	  0.00000E+000
  3.84000E-001	  1.03321E-002	  0.00000E+000	  0.00000E+000	  0.00000E+000
  4.09600E-001	  9.63281E-003	  0.00000E+000	  0.00000E+000	  0.00000E+000
  4.60800E-001	  8.46145E-003	  0.00000E+000	  0.00000E+000	  0.00000E+000
  5.12000E-001	  7.37712E-003	  0.00000E+000	  0.00000E+000	  0.00000E+000
  5.63200E-001	  6.50091E-003	  0.00000E+000	  0.00000E+000	  0.00000E+000
  6.14400E-001	  5.61852E-003	  0.00000E+000	  0.00000E+000	  0.00000E+000
  6.65600E-001	  5.03345E-003	  0.00000E+000	  0.00000E+000	  0.00000E+000
  7.16800E-001	  4.53745E-003	  0.00000E+000	  0.00000E+000	  0.00000E+000
  7.68000E-001	  4.03230E-003	  0.00000E+000	  0.00000E+000	  0.00000E+000
  8.19200E-001	  3.53303E-003	  0.00000E+000	  0.00000E+000	  0.00000E+000
  9.21600E-001	  2.71871E-003	  0.00000E+000	  0.00000E+000	  0.00000E+000
  1.02400E+000	  2.25931E-003	  0.00000E+000	  0.00000E+000	  0.00000E+000
  1.12640E+000	  1.70478E-003	  0.00000E+000	  0.00000E+000	  0.00000E+000
  1.22880E+000	  1.33239E-003	  0.00000E+000	  0.00000E+000	  0.00000E+000
  1.33120E+000	  1.08445E-003	  0.00000E+000	  0.00000E+000	  0.00000E+000
  1.43360E+000	  9.03224E-004	  0.00000E+000	  0.00000E+000	  0.00000E+000
  1.53600E+000	  7.35325E-004	  0.00000E+000	  0.00000E+000	  0.00000E+000
  1.63840E+000	  5.43506E-004	  0.00000E+000	  0.00000E+000	  0.00000E+000
  1.84320E+000	  4.45043E-004	  0.00000E+000	  0.00000E+000	  0.00000E+000
  2.04800E+000	  3.02724E-004	  0.00000E+000	  0.00000E+000	  0.00000E+000
  2.25280E+000	  3.46172E-004	  0.00000E+000	  0.00000E+000	  0.00000E+000
  2.45760E+000	  1.98444E-004	  0.00000E+000	  0.00000E+000	  0.00000E+000
  2.66240E+000	  7.81920E-005	  0.00000E+000	  0.00000E+000	  0.00000E+000
  2.86720E+000	  1.53580E-004	  0.00000E+000	  0.00000E+000	  0.00000E+000
  3.07200E+000	  3.56629E-005	  0.00000E+000	  0.00000E+000	  0.00000E+000
  3.27680E+000	  3.17034E-005	  0.00000E+000	  0.00000E+000	  0.00000E+000
  3.68640E+000	  6.80598E-005	  0.00000E+000	  0.00000E+000	  0.00000E+000
  4.09600E+000	 -2.42427E-006	  0.00000E+000	  0.00000E+000	  0.00000E+000
  4.50560E+000	 -1.37293E-005	  0.00000E+000	  0.00000E+000	  0.00000E+000
  4.91520E+000	  6.43243E-005	  0.00000E+000	  0.00000E+000	  0.00000E+000
  5.32480E+000	 -2.55586E-005	  0.00000E+000	  0.00000E+000	  0.00000E+000
  5.73440E+000	  5.74664E-006	  0.00000E+000	  0.00000E+000	  0.00000E+000
  6.14400E+000	 -2.13710E-005	  0.00000E+000	  0.00000E+000	  0.00000E+000
  6.55360E+000	 -4.91925E-005	  0.00000E+000	  0.00000E+000	  0.00000E+000
  7.37280E+000	 -2.88693E-005	  0.00000E+000	  0.00000E+000	  0.00000E+000
  8.19200E+000	  9.61018E-005	  0.00000E+000	  0.00000E+000	  0.00000E+000
  9.01120E+000	 -2.77281E-005	  0.00000E+000	  0.00000E+000	  0.00000E+000
  9.83040E+000	 -3.66971E-005	  0.00000E+000	  0.00000E+000	  0.00000E+000
  1.06496E+001	  4.22041E-005	  0.00000E+000	  0.00000E+000	  0.00000E+000
  1.14688E+001	 -2.74640E-005	  0.00000E+000	  0.00000E+000	  0.00000E+000
  1.22880E+001	  4.14716E-005	  0.00000E+000	  0.00000E+000	  0.00000E+000
  1.31072E+001	 -1.46673E-005	  0.00000E+000	  0.00000E+000	  0.00000E+000
  1.47456E+001	  4.19200E-005	  0.00000E+000	  0.00000E+000	  0.00000E+000
  1.63840E+001	  2.13441E-005	  0.00000E+000	  0.00000E+000	  0.00000E+000
  1.80224E+001	  1.38789E-005	  0.00000E+000	  0.00000E+000	  0.00000E+000
  1.96608E+001	  2.77831E-005	  0.00000E+000	  0.00000E+000	  0.00000E+000
  2.12992E+001	 -7.79678E-007	  0.00000E+000	  0.00000E+000	  0.00000E+000
  2.29376E+001	  8.72733E-007	  0.00000E+000	  0.00000E+000	  0.00000E+000
  2.45760E+001	  1.77601E-005	  0.00000E+000	  0.00000E+000	  0.00000E+000
  2.62144E+001	  2.24866E-005	  0.00000E+000	  0.00000E+000	  0.00000E+000
  2.94912E+001	 -3.14519E-006	  0.00000E+000	  0.00000E+000	  0.00000E+000
  3.27680E+001	  1.55259E-006	  0.00000E+000	  0.00000E+000	  0.00000E+000
  3.60448E+001	 -1.34806E-005	  0.00000E+000	  0.00000E+000	  0.00000E+000
  3.93216E+001	 -3.72379E-005	  0.00000E+000	  0.00000E+000	  0.00000E+000
  4.25984E+001	 -2.83483E-005	  0.00000E+000	  0.00000E+000	  0.00000E+000
  4.58752E+001	  2.67476E-005	  0.00000E+000	  0.00000E+000	  0.00000E+000
  4.91520E+001	  5.22182E-005	  0.00000E+000	  0.00000E+000	  0.00000E+000
  5.24288E+001	 -4.23984E-006	  0.00000E+000	  0.00000E+000	  0.00000E+000
  5.89824E+001	  2.14408E-005	  0.00000E+000	  0.00000E+000	  0.00000E+000
  6.55360E+001	  3.73486E-005	  0.00000E+000	  0.00000E+000	  0.00000E+000
  7.20896E+001	  4.28659E-005	  0.00000E+000	  0.00000E+000	  0.00000E+000
  7.86432E+001	 -3.30252E-005	  0.00000E+000	  0.00000E+000	  0.00000E+000
  8.51968E+001	 -2.97476E-005	  0.00000E+000	  0.00000E+000	  0.00000E+000
  9.17504E+001	  1.39828E-005	  0.00000E+000	  0.00000E+000	  0.00000E+000
  9.83040E+001	  3.95314E-005	  0.00000E+000	  0.00000E+000	  0.00000E+000
  1.04858E+002	  2.35387E-005	  0.00000E+000	  0.00000E+000	  0.00000E+000
  1.17965E+002	 -6.59768E-006	  0.00000E+000	  0.00000E+000	  0.00000E+000
  1.31072E+002	  1.60519E-005	  0.00000E+000	  0.00000E+000	  0.00000E+000
  1.44179E+002	 -2.70687E-005	  0.00000E+000	  0.00000E+000	  0.00000E+000
  1.57286E+002	  9.64080E-007	  0.00000E+000	  0.00000E+000	  0.00000E+000
  1.70394E+002	  1.68274E-005	  0.00000E+000	  0.00000E+000	  0.00000E+000
  1.83501E+002	 -7.13819E-007	  0.00000E+000	  0.00000E+000	  0.00000E+000
  1.96608E+002	 -1.56422E-005	  0.00000E+000	  0.00000E+000	  0.00000E+000
  2.09715E+002	  1.44713E-005	  0.00000E+000	  0.00000E+000	  0.00000E+000
  2.35930E+002	 -3.03538E-007	  0.00000E+000	  0.00000E+000	  0.00000E+000
  2.62144E+002	 -4.86938E-007	  0.00000E+000	  0.00000E+000	  0.00000E+000
  2.88358E+002	 -7.94022E-006	  0.00000E+000	  0.00000E+000	  0.00000E+000
  3.14573E+002	  8.44926E-006	  0.00000E+000	  0.00000E+000	  0.00000E+000
  3.40787E+002	 -7.94090E-006	  0.00000E+000	  0.00000E+000	  0.00000E+000
  3.67002E+002	 -1.96646E-005	  0.00000E+000	  0.00000E+000	  0.00000E+000
  3.93216E+002	 -4.05432E-005	  0.00000E+000	  0.00000E+000	  0.00000E+000
  4.19430E+002	 -1.89768E-005	  0.00000E+000	  0.00000E+000	  0.00000E+000
  4.71859E+002	  9.07696E-006	  0.00000E+000	  0.00000E+000	  0.00000E+000
  5.24288E+002	 -4.04787E-006	  0.00000E+000	  0.00000E+000	  0.00000E+000
  5.76717E+002	  2.66036E-006	  0.00000E+000	  0.00000E+000	  0.00000E+000
  6.29146E+002	  7.90025E-006	  0.00000E+000	  0.00000E+000	  0.00000E+000
  6.81574E+002	 -5.02919E-007	  0.00000E+000	  0.00000E+000	  0.00000E+000
  7.34003E+002	 -8.01437E-006	  0.00000E+000	  0.00000E+000	  0.00000E+000
  7.86432E+002	  6.13666E-006	  0.00000E+000	  0.00000E+000	  0.00000E+000
  8.38861E+002	 -4.73602E-006	  0.00000E+000	  0.00000E+000	  0.00000E+000
  9.43718E+002	 -4.80330E-006	  0.00000E+000	  0.00000E+000	  0.00000E+000
  1.04858E+003	 -3.77527E-006	  0.00000E+000	  0.00000E+000	  0.00000E+000
  1.15343E+003	  2.01218E-006	  0.00000E+000	  0.00000E+000	  0.00000E+000
  1.25829E+003	 -4.69372E-006	  0.00000E+000	  0.00000E+000	  0.00000E+000
  1.36315E+003	 -1.31704E-005	  0.00000E+000	  0.00000E+000	  0.00000E+000
  1.46801E+003	 -1.17963E-006	  0.00000E+000	  0.00000E+000	  0.00000E+000
  1.57286E+003	  1.51100E-005	  0.00000E+000	  0.00000E+000	  0.00000E+000
  1.67772E+003	  2.35964E-006	  0.00000E+000	  0.00000E+000	  0.00000E+000
  1.88744E+003	 -6.07373E-006	  0.00000E+000	  0.00000E+000	  0.00000E+000
  2.09715E+003	 -9.76031E-006	  0.00000E+000	  0.00000E+000	  0.00000E+000
  2.30687E+003	 -9.16746E-007	  0.00000E+000	  0.00000E+000	  0.00000E+000
  2.51658E+003	  8.60627E-006	  0.00000E+000	  0.00000E+000	  0.00000E+000
  2.72630E+003	 -7.41389E-007	  0.00000E+000	  0.00000E+000	  0.00000E+000
  2.93601E+003	 -1.07810E-006	  0.00000E+000	  0.00000E+000	  0.00000E+000
  3.14573E+003	  6.66440E-006	  0.00000E+000	  0.00000E+000	  0.00000E+000
  3.35544E+003	  2.83642E-006	  0.00000E+000	  0.00000E+000	  0.00000E+000
  3.77487E+003	 -4.93309E-006	  0.00000E+000	  0.00000E+000	  0.00000E+000
  4.19430E+003	 -2.11258E-006	  0.00000E+000	  0.00000E+000	  0.00000E+000
  4.61373E+003	 -1.35185E-005	  0.00000E+000	  0.00000E+000	  0.00000E+000
  5.03317E+003	  4.16359E-006	  0.00000E+000	  0.00000E+000	  0.00000E+000
  5.45260E+003	  6.30902E-007	  0.00000E+000	  0.00000E+000	  0.00000E+000
  5.87203E+003	 -7.83301E-007	  0.00000E+000	  0.00000E+000	  0.00000E+000
  6.29146E+003	 -7.38334E-006	  0.00000E+000	  0.00000E+000	  0.00000E+000
  6.71089E+003	  2.40210E-006	  0.00000E+000	  0.00000E+000	  0.00000E+000
  7.54975E+003	 -3.98750E-006	  0.00000E+000	  0.00000E+000	  0.00000E+000
  8.38861E+003	 -1.30795E-006	  0.00000E+000	  0.00000E+000	  0.00000E+000
  9.22747E+003	 -7.38180E-006	  0.00000E+000	  0.00000E+000	  0.00000E+000
  1.00663E+004	  8.31644E-007	  0.00000E+000	  0.00000E+000	  0.00000E+000
  1.09052E+004	 -3.72829E-006	  0.00000E+000	  0.00000E+000	  0.00000E+000
  1.17441E+004	  1.32507E-006	  0.00000E+000	  0.00000E+000	  0.00000E+000
  1.25829E+004	  9.29313E-006	  0.00000E+000	  0.00000E+000	  0.00000E+000
