  1.17188E-001	  1.92790E+002	  0.00000E+000	  0.00000E+000	  0.00000E+000
  2.34375E-001	  1.98159E+002	  0.00000E+000	  0.00000E+000	  0.00000E+000
  3.51563E-001	  1.92850E+002	  0.00000E+000	  0.00000E+000	  0.00000E+000
  4.68750E-001	  1.83280E+002	  0.00000E+000	  0.00000E+000	  0.00000E+000
  5.85938E-001	  1.87379E+002	  0.00000E+000	  0.00000E+000	  0.00000E+000
  7.03125E-001	  1.89484E+002	  0.00000E+000	  0.00000E+000	  0.00000E+000
  8.20313E-001	  1.94997E+002	  0.00000E+000	  0.00000E+000	  0.00000E+000
  9.37500E-001	  1.97128E+002	  0.00000E+000	  0.00000E+000	  0.00000E+000
  1.05469E+000	  1.95372E+002	  0.00000E+000	  0.00000E+000	  0.00000E+000
  1.17188E+000	  1.87345E+002	  0.00000E+000	  0.00000E+000	  0.00000E+000
  1.28906E+000	  1.85999E+002	  0.00000E+000	  0.00000E+000	  0.00000E+000
  1.40625E+000	  1.86212E+002	  0.00000E+000	  0.00000E+000	  0.00000E+000
  1.52344E+000	  1.86936E+002	  0.00000E+000	  0.00000E+000	  0.00000E+000
  1.64063E+000	  1.86561E+002	  0.00000E+000	  0.00000E+000	  0.00000E+000
  1.75781E+000	  1.88180E+002	  0.00000E+000	  0.00000E+000	  0.00000E+000
  1.87500E+000	  1.92909E+002	  0.00000E+000	  0.00000E+000	  0.00000E+000
  1.99219E+000	  1.90217E+002	  0.00000E+000	  0.00000E+000	  0.00000E+000
  2.10938E+000	  1.89850E+002	  0.00000E+000	  0.00000E+000	  0.00000E+000
  2.22656E+000	  1.91478E+002	  0.00000E+000	  0.00000E+000	  0.00000E+000
  2.34375E+000	  1.90234E+002	  0.00000E+000	  0.00000E+000	  0.00000E+000
  2.46094E+000	  1.83800E+002	  0.00000E+000	  0.00000E+000	  0.00000E+000
  2.57813E+000	  1.98474E+002	  0.00000E+000	  0.00000E+000	  0.00000E+000
  2.69531E+000	  1.93361E+002	  0.00000E+000	  0.00000E+000	  0.00000E+000
  2.81250E+000	  1.93864E+002	  0.00000E+000	  0.00000E+000	  0.00000E+000
  2.92969E+000	  1.90958E+002	  0.00000E+000	  0.00000E+000	  0.00000E+000
  3.04688E+000	  1.88904E+002	  0.00000E+000	  0.00000E+000	  0.00000E+000
  3.16406E+000	  1.86331E+002	  0.00000E+000	  0.00000E+000	  0.00000E+000
  3.28125E+000	  1.95952E+002	  0.00000E+000	  0.00000E+000	  0.00000E+000
  3.39844E+000	  1.92543E+002	  0.00000E+000	  0.00000E+000	  0.00000E+000
  3.51563E+000	  1.97511E+002	  0.00000E+000	  0.00000E+000	  0.00000E+000
  3.63281E+000	  1.91180E+002	  0.00000E+000	  0.00000E+000	  0.00000E+000
  3.75000E+000	  2.04908E+002	  0.00000E+000	  0.00000E+000	  0.00000E+000
  3.86719E+000	  1.94162E+002	  0.00000E+000	  0.00000E+000	  0.00000E+000
  3.98438E+000	  1.89024E+002	  0.00000E+000	  0.00000E+000	  0.00000E+000
  4.10156E+000	  1.92637E+002	  0.00000E+000	  0.00000E+000	  0.00000E+000
  4.21875E+000	  1.95099E+002	  0.00000E+000	  0.00000E+000	  0.00000E+000
  4.33594E+000	  1.95074E+002	  0.00000E+000	  0.00000E+000	  0.00000E+000
  4.45313E+000	  1.88862E+002	  0.00000E+000	  0.00000E+000	  0.00000E+000
  4.57031E+000	  1.85615E+002	  0.00000E+000	  0.00000E+000	  0.00000E+000
  4.68750E+000	  1.88546E+002	  0.00000E+000	  0.00000E+000	  0.00000E+000
  4.80469E+000	  1.89765E+002	  0.00000E+000	  0.00000E+000	  0.00000E+000
  4.92188E+000	  1.93642E+002	  0.00000E+000	  0.00000E+000	  0.00000E+000
  5.03906E+000	  1.80817E+002	  0.00000E+000	  0.00000E+000	  0.00000E+000
  5.15625E+000	  1.84618E+002	  0.00000E+000	  0.00000E+000	  0.00000E+000
  5.27344E+000	  1.85624E+002	  0.00000E+000	  0.00000E+000	  0.00000E+000
  5.39063E+000	  1.97588E+002	  0.00000E+000	  0.00000E+000	  0.00000E+000
  5.50781E+000	  1.91205E+002	  0.00000E+000	  0.00000E+000	  0.00000E+000
  5.62500E+000	  1.97622E+002	  0.00000E+000	  0.00000E+000	  0.00000E+000
  5.74219E+000	  1.99812E+002	  0.00000E+000	  0.00000E+000	  0.00000E+000
  5.85938E+000	  1.88436E+002	  0.00000E+000	  0.00000E+000	  0.00000E+000
  5.97656E+000	  1.90293E+002	  0.00000E+000	  0.00000E+000	  0.00000E+000
  6.09375E+000	  1.90847E+002	  0.00000E+000	  0.00000E+000	  0.00000E+000
  6.21094E+000	  1.80511E+002	  0.00000E+000	  0.00000E+000	  0.00000E+000
  6.32813E+000	  1.87217E+002	  0.00000E+000	  0.00000E+000	  0.00000E+000
  6.44531E+000	  1.89987E+002	  0.00000E+000	  0.00000E+000	  0.00000E+000
  6.56250E+000	  1.87226E+002	  0.00000E+000	  0.00000E+000	  0.00000E+000
  6.67969E+000	  1.93421E+002	  0.00000E+000	  0.00000E+000	  0.00000E+000
  6.79688E+000	  1.97170E+002	  0.00000E+000	  0.00000E+000	  0.00000E+000
  6.91406E+000	  1.89271E+002	  0.00000E+000	  0.00000E+000	  0.00000E+000
  7.03125E+000	  1.85624E+002	  0.00000E+000	  0.00000E+000	  0.00000E+000
  7.14844E+000	  1.88845E+002	  0.00000E+000	  0.00000E+000	  0.00000E+000
  7.26563E+000	  1.93037E+002	  0.00000E+000	  0.00000E+000	  0.00000E+000
  7.38281E+000	  1.86978E+002	  0.00000E+000	  0.00000E+000	  0.00000E+000
  7.50000E+000	  1.87217E+002	  0.00000E+000	  0.00000E+000	  0.00000E+000
  7.61719E+000	  1.89492E+002	  0.00000E+000	  0.00000E+000	  0.00000E+000
  7.73438E+000	  1.87021E+002	  0.00000E+000	  0.00000E+000	  0.00000E+000
  7.85156E+000	  1.88691E+002	  0.00000E+000	  0.00000E+000	  0.00000E+000
  7.96875E+000	  1.88725E+002	  0.00000E+000	  0.00000E+000	  0.00000E+000
  8.08594E+000	  1.75926E+002	  0.00000E+000	  0.00000E+000	  0.00000E+000
  8.20313E+000	  1.84422E+002	  0.00000E+000	  0.00000E+000	  0.00000E+000
  8.32031E+000	  1.83604E+002	  0.00000E+000	  0.00000E+000	  0.00000E+000
  8.43750E+000	  1.86569E+002	  0.00000E+000	  0.00000E+000	  0.00000E+000
  8.55469E+000	  1.91955E+002	  0.00000E+000	  0.00000E+000	  0.00000E+000
  8.67188E+000	  1.92594E+002	  0.00000E+000	  0.00000E+000	  0.00000E+000
  8.78906E+000	  1.88282E+002	  0.00000E+000	  0.00000E+000	  0.00000E+000
  8.90625E+000	  1.95227E+002	  0.00000E+000	  0.00000E+000	  0.00000E+000
  9.02344E+000	  1.91947E+002	  0.00000E+000	  0.00000E+000	  0.00000E+000
  9.14063E+000	  2.00903E+002	  0.00000E+000	  0.00000E+000	  0.00000E+000
  9.25781E+000	  1.94742E+002	  0.00000E+000	  0.00000E+000	  0.00000E+000
  9.37500E+000	  1.90532E+002	  0.00000E+000	  0.00000E+000	  0.00000E+000
  9.49219E+000	  1.88751E+002	  0.00000E+000	  0.00000E+000	  0.00000E+000
  9.60938E+000	  1.87933E+002	  0.00000E+000	  0.00000E+000	  0.00000E+000
  9.72656E+000	  1.89612E+002	  0.00000E+000	  0.00000E+000	  0.00000E+000
  9.84375E+000	  1.98372E+002	  0.00000E+000	  0.00000E+000	  0.00000E+000
  9.96094E+000	  1.90813E+002	  0.00000E+000	  0.00000E+000	  0.00000E+000
  1.00781E+001	  1.89697E+002	  0.00000E+000	  0.00000E+000	  0.00000E+000
  1.01953E+001	  1.89194E+002	  0.00000E+000	  0.00000E+000	  0.00000E+000
  1.03125E+001	  1.86425E+002	  0.00000E+000	  0.00000E+000	  0.00000E+000
  1.04297E+001	  1.87762E+002	  0.00000E+000	  0.00000E+000	  0.00000E+000
  1.05469E+001	  1.91546E+002	  0.00000E+000	  0.00000E+000	  0.00000E+000
  1.06641E+001	  1.87243E+002	  0.00000E+000	  0.00000E+000	  0.00000E+000
  1.07813E+001	  1.86595E+002	  0.00000E+000	  0.00000E+000	  0.00000E+000
  1.08984E+001	  1.87899E+002	  0.00000E+000	  0.00000E+000	  0.00000E+000
  1.10156E+001	  1.89637E+002	  0.00000E+000	  0.00000E+000	  0.00000E+000
  1.11328E+001	  1.81073E+002	  0.00000E+000	  0.00000E+000	  0.00000E+000
  1.12500E+001	  1.84712E+002	  0.00000E+000	  0.00000E+000	  0.00000E+000
  1.13672E+001	  1.87839E+002	  0.00000E+000	  0.00000E+000	  0.00000E+000
  1.14844E+001	  1.94622E+002	  0.00000E+000	  0.00000E+000	  0.00000E+000
  1.16016E+001	  1.99667E+002	  0.00000E+000	  0.00000E+000	  0.00000E+000
  1.17188E+001	  1.86578E+002	  0.00000E+000	  0.00000E+000	  0.00000E+000
  1.18359E+001	  1.83144E+002	  0.00000E+000	  0.00000E+000	  0.00000E+000
  1.19531E+001	  1.86765E+002	  0.00000E+000	  0.00000E+000	  0.00000E+000
  1.20703E+001	  1.89637E+002	  0.00000E+000	  0.00000E+000	  0.00000E+000
  1.21875E+001	  1.98934E+002	  0.00000E+000	  0.00000E+000	  0.00000E+000
  1.23047E+001	  1.95977E+002	  0.00000E+000	  0.00000E+000	  0.00000E+000
  1.24219E+001	  1.90455E+002	  0.00000E+000	  0.00000E+000	  0.00000E+000
  1.25391E+001	  1.93753E+002	  0.00000E+000	  0.00000E+000	  0.00000E+000
  1.26563E+001	  1.95125E+002	  0.00000E+000	  0.00000E+000	  0.00000E+000
  1.27734E+001	  1.83272E+002	  0.00000E+000	  0.00000E+000	  0.00000E+000
  1.28906E+001	  1.90796E+002	  0.00000E+000	  0.00000E+000	  0.00000E+000
  1.30078E+001	  1.95866E+002	  0.00000E+000	  0.00000E+000	  0.00000E+000
  1.31250E+001	  1.89654E+002	  0.00000E+000	  0.00000E+000	  0.00000E+000
  1.32422E+001	  1.92125E+002	  0.00000E+000	  0.00000E+000	  0.00000E+000
  1.33594E+001	  1.85470E+002	  0.00000E+000	  0.00000E+000	  0.00000E+000
  1.34766E+001	  1.84124E+002	  0.00000E+000	  0.00000E+000	  0.00000E+000
  1.35938E+001	  1.93216E+002	  0.00000E+000	  0.00000E+000	  0.00000E+000
  1.37109E+001	  1.99718E+002	  0.00000E+000	  0.00000E+000	  0.00000E+000
  1.38281E+001	  1.90430E+002	  0.00000E+000	  0.00000E+000	  0.00000E+000
  1.39453E+001	  1.93932E+002	  0.00000E+000	  0.00000E+000	  0.00000E+000
  1.40625E+001	  1.93097E+002	  0.00000E+000	  0.00000E+000	  0.00000E+000
  1.41797E+001	  1.86501E+002	  0.00000E+000	  0.00000E+000	  0.00000E+000
  1.42969E+001	  1.99181E+002	  0.00000E+000	  0.00000E+000	  0.00000E+000
  1.44141E+001	  1.92219E+002	  0.00000E+000	  0.00000E+000	  0.00000E+000
  1.45313E+001	  1.87941E+002	  0.00000E+000	  0.00000E+000	  0.00000E+000
  1.46484E+001	  1.90805E+002	  0.00000E+000	  0.00000E+000	  0.00000E+000
  1.47656E+001	  1.97988E+002	  0.00000E+000	  0.00000E+000	  0.00000E+000
  1.48828E+001	  1.92645E+002	  0.00000E+000	  0.00000E+000	  0.00000E+000
  1.50000E+001	  1.94409E+002	  0.00000E+000	  0.00000E+000	  0.00000E+000
  1.51172E+001	  1.91486E+002	  0.00000E+000	  0.00000E+000	  0.00000E+000
  1.52344E+001	  2.00570E+002	  0.00000E+000	  0.00000E+000	  0.00000E+000
  1.53516E+001	  1.88794E+002	  0.00000E+000	  0.00000E+000	  0.00000E+000
  1.54688E+001	  1.88572E+002	  0.00000E+000	  0.00000E+000	  0.00000E+000
  1.55859E+001	  1.87984E+002	  0.00000E+000	  0.00000E+000	  0.00000E+000
  1.57031E+001	  1.84252E+002	  0.00000E+000	  0.00000E+000	  0.00000E+000
  1.58203E+001	  1.91512E+002	  0.00000E+000	  0.00000E+000	  0.00000E+000
  1.59375E+001	  1.88563E+002	  0.00000E+000	  0.00000E+000	  0.00000E+000
  1.60547E+001	  1.91699E+002	  0.00000E+000	  0.00000E+000	  0.00000E+000
  1.61719E+001	  1.96020E+002	  0.00000E+000	  0.00000E+000	  0.00000E+000
  1.62891E+001	  2.02684E+002	  0.00000E+000	  0.00000E+000	  0.00000E+000
  1.64063E+001	  1.83885E+002	  0.00000E+000	  0.00000E+000	  0.00000E+000
  1.65234E+001	  1.86859E+002	  0.00000E+000	  0.00000E+000	  0.00000E+000
  1.66406E+001	  1.89535E+002	  0.00000E+000	  0.00000E+000	  0.00000E+000
  1.67578E+001	  1.91069E+002	  0.00000E+000	  0.00000E+000	  0.00000E+000
  1.68750E+001	  1.91052E+002	  0.00000E+000	  0.00000E+000	  0.00000E+000
  1.69922E+001	  1.89927E+002	  0.00000E+000	  0.00000E+000	  0.00000E+000
  1.71094E+001	  1.93293E+002	  0.00000E+000	  0.00000E+000	  0.00000E+000
  1.72266E+001	  1.95065E+002	  0.00000E+000	  0.00000E+000	  0.00000E+000
  1.73438E+001	  1.92816E+002	  0.00000E+000	  0.00000E+000	  0.00000E+000
  1.74609E+001	  1.95347E+002	  0.00000E+000	  0.00000E+000	  0.00000E+000
  1.75781E+001	  1.80195E+002	  0.00000E+000	  0.00000E+000	  0.00000E+000
  1.76953E+001	  1.87353E+002	  0.00000E+000	  0.00000E+000	  0.00000E+000
  1.78125E+001	  1.92296E+002	  0.00000E+000	  0.00000E+000	  0.00000E+000
  1.79297E+001	  1.93872E+002	  0.00000E+000	  0.00000E+000	  0.00000E+000
  1.80469E+001	  1.86723E+002	  0.00000E+000	  0.00000E+000	  0.00000E+000
  1.81641E+001	  1.92492E+002	  0.00000E+000	  0.00000E+000	  0.00000E+000
  1.82813E+001	  1.83877E+002	  0.00000E+000	  0.00000E+000	  0.00000E+000
  1.83984E+001	  1.95304E+002	  0.00000E+000	  0.00000E+000	  0.00000E+000
  1.85156E+001	  1.95747E+002	  0.00000E+000	  0.00000E+000	  0.00000E+000
  1.86328E+001	  1.92961E+002	  0.00000E+000	  0.00000E+000	  0.00000E+000
  1.87500E+001	  1.84235E+002	  0.00000E+000	  0.00000E+000	  0.00000E+000
  1.88672E+001	  2.03979E+002	  0.00000E+000	  0.00000E+000	  0.00000E+000
  1.89844E+001	  1.87192E+002	  0.00000E+000	  0.00000E+000	  0.00000E+000
  1.91016E+001	  1.90719E+002	  0.00000E+000	  0.00000E+000	  0.00000E+000
  1.92188E+001	  1.94554E+002	  0.00000E+000	  0.00000E+000	  0.00000E+000
  1.93359E+001	  1.85479E+002	  0.00000E+000	  0.00000E+000	  0.00000E+000
  1.94531E+001	  1.87541E+002	  0.00000E+000	  0.00000E+000	  0.00000E+000
  1.95703E+001	  1.85436E+002	  0.00000E+000	  0.00000E+000	  0.00000E+000
  1.96875E+001	  1.86356E+002	  0.00000E+000	  0.00000E+000	  0.00000E+000
  1.98047E+001	  1.91759E+002	  0.00000E+000	  0.00000E+000	  0.00000E+000
  1.99219E+001	  1.96574E+002	  0.00000E+000	  0.00000E+000	  0.00000E+000
  2.00391E+001	  1.91299E+002	  0.00000E+000	  0.00000E+000	  0.00000E+000
  2.01563E+001	  1.79019E+002	  0.00000E+000	  0.00000E+000	  0.00000E+000
  2.02734E+001	  1.93770E+002	  0.00000E+000	  0.00000E+000	  0.00000E+000
  2.03906E+001	  1.84175E+002	  0.00000E+000	  0.00000E+000	  0.00000E+000
  2.05078E+001	  1.91137E+002	  0.00000E+000	  0.00000E+000	  0.00000E+000
  2.06250E+001	  1.87260E+002	  0.00000E+000	  0.00000E+000	  0.00000E+000
  2.07422E+001	  1.92134E+002	  0.00000E+000	  0.00000E+000	  0.00000E+000
  2.08594E+001	  1.97358E+002	  0.00000E+000	  0.00000E+000	  0.00000E+000
  2.09766E+001	  1.85675E+002	  0.00000E+000	  0.00000E+000	  0.00000E+000
  2.10938E+001	  1.90370E+002	  0.00000E+000	  0.00000E+000	  0.00000E+000
  2.12109E+001	  1.87157E+002	  0.00000E+000	  0.00000E+000	  0.00000E+000
  2.13281E+001	  1.85232E+002	  0.00000E+000	  0.00000E+000	  0.00000E+000
  2.14453E+001	  1.90029E+002	  0.00000E+000	  0.00000E+000	  0.00000E+000
  2.15625E+001	  1.88921E+002	  0.00000E+000	  0.00000E+000	  0.00000E+000
  2.16797E+001	  1.87882E+002	  0.00000E+000	  0.00000E+000	  0.00000E+000
  2.17969E+001	  1.91060E+002	  0.00000E+000	  0.00000E+000	  0.00000E+000
  2.19141E+001	  1.83536E+002	  0.00000E+000	  0.00000E+000	  0.00000E+000
  2.20313E+001	  1.86373E+002	  0.00000E+000	  0.00000E+000	  0.00000E+000
  2.21484E+001	  1.84840E+002	  0.00000E+000	  0.00000E+000	  0.00000E+000
  2.22656E+001	  1.87694E+002	  0.00000E+000	  0.00000E+000	  0.00000E+000
  2.23828E+001	  1.87737E+002	  0.00000E+000	  0.00000E+000	  0.00000E+000
  2.25000E+001	  1.83706E+002	  0.00000E+000	  0.00000E+000	  0.00000E+000
  2.26172E+001	  1.83093E+002	  0.00000E+000	  0.00000E+000	  0.00000E+000
  2.27344E+001	  1.88350E+002	  0.00000E+000	  0.00000E+000	  0.00000E+000
  2.28516E+001	  1.92748E+002	  0.00000E+000	  0.00000E+000	  0.00000E+000
  2.29688E+001	  1.92765E+002	  0.00000E+000	  0.00000E+000	  0.00000E+000
  2.30859E+001	  1.92952E+002	  0.00000E+000	  0.00000E+000	  0.00000E+000
  2.32031E+001	  1.85027E+002	  0.00000E+000	  0.00000E+000	  0.00000E+000
  2.33203E+001	  1.88367E+002	  0.00000E+000	  0.00000E+000	  0.00000E+000
  2.34375E+001	  1.99684E+002	  0.00000E+000	  0.00000E+000	  0.00000E+000
  2.35547E+001	  1.87771E+002	  0.00000E+000	  0.00000E+000	  0.00000E+000
  2.36719E+001	  1.90140E+002	  0.00000E+000	  0.00000E+000	  0.00000E+000
  2.37891E+001	  1.86442E+002	  0.00000E+000	  0.00000E+000	  0.00000E+000
  2.39063E+001	  1.86212E+002	  0.00000E+000	  0.00000E+000	  0.00000E+000
  2.40234E+001	  1.99889E+002	  0.00000E+000	  0.00000E+000	  0.00000E+000
  2.41406E+001	  1.90097E+002	  0.00000E+000	  0.00000E+000	  0.00000E+000
  2.42578E+001	  1.95653E+002	  0.00000E+000	  0.00000E+000	  0.00000E+000
  2.43750E+001	  1.91427E+002	  0.00000E+000	  0.00000E+000	  0.00000E+000
  2.44922E+001	  1.90592E+002	  0.00000E+000	  0.00000E+000	  0.00000E+000
  2.46094E+001	  1.87345E+002	  0.00000E+000	  0.00000E+000	  0.00000E+000
  2.47266E+001	  1.92236E+002	  0.00000E+000	  0.00000E+000	  0.00000E+000
  2.48438E+001	  1.97664E+002	  0.00000E+000	  0.00000E+000	  0.00000E+000
  2.49609E+001	  1.89825E+002	  0.00000E+000	  0.00000E+000	  0.00000E+000
  2.50781E+001	  1.91316E+002	  0.00000E+000	  0.00000E+000	  0.00000E+000
  2.51953E+001	  1.86246E+002	  0.00000E+000	  0.00000E+000	  0.00000E+000
  2.53125E+001	  1.89467E+002	  0.00000E+000	  0.00000E+000	  0.00000E+000
  2.54297E+001	  1.87456E+002	  0.00000E+000	  0.00000E+000	  0.00000E+000
  2.55469E+001	  1.96684E+002	  0.00000E+000	  0.00000E+000	  0.00000E+000
  2.56641E+001	  1.86638E+002	  0.00000E+000	  0.00000E+000	  0.00000E+000
  2.57813E+001	  1.92049E+002	  0.00000E+000	  0.00000E+000	  0.00000E+000
  2.58984E+001	  1.94921E+002	  0.00000E+000	  0.00000E+000	  0.00000E+000
  2.60156E+001	  1.84686E+002	  0.00000E+000	  0.00000E+000	  0.00000E+000
  2.61328E+001	  1.93003E+002	  0.00000E+000	  0.00000E+000	  0.00000E+000
  2.62500E+001	  1.96761E+002	  0.00000E+000	  0.00000E+000	  0.00000E+000
  2.63672E+001	  1.87916E+002	  0.00000E+000	  0.00000E+000	  0.00000E+000
  2.64844E+001	  1.88828E+002	  0.00000E+000	  0.00000E+000	  0.00000E+000
  2.66016E+001	  1.96693E+002	  0.00000E+000	  0.00000E+000	  0.00000E+000
  2.67188E+001	  1.88683E+002	  0.00000E+000	  0.00000E+000	  0.00000E+000
  2.68359E+001	  1.82019E+002	  0.00000E+000	  0.00000E+000	  0.00000E+000
  2.69531E+001	  1.97477E+002	  0.00000E+000	  0.00000E+000	  0.00000E+000
  2.70703E+001	  1.88768E+002	  0.00000E+000	  0.00000E+000	  0.00000E+000
  2.71875E+001	  1.92475E+002	  0.00000E+000	  0.00000E+000	  0.00000E+000
  2.73047E+001	  1.93796E+002	  0.00000E+000	  0.00000E+000	  0.00000E+000
  2.74219E+001	  1.94903E+002	  0.00000E+000	  0.00000E+000	  0.00000E+000
  2.75391E+001	  1.86459E+002	  0.00000E+000	  0.00000E+000	  0.00000E+000
  2.76563E+001	  1.88069E+002	  0.00000E+000	  0.00000E+000	  0.00000E+000
  2.77734E+001	  1.86518E+002	  0.00000E+000	  0.00000E+000	  0.00000E+000
  2.78906E+001	  1.80434E+002	  0.00000E+000	  0.00000E+000	  0.00000E+000
  2.80078E+001	  1.92492E+002	  0.00000E+000	  0.00000E+000	  0.00000E+000
  2.81250E+001	  1.85266E+002	  0.00000E+000	  0.00000E+000	  0.00000E+000
  2.82422E+001	  1.86450E+002	  0.00000E+000	  0.00000E+000	  0.00000E+000
  2.83594E+001	  1.81618E+002	  0.00000E+000	  0.00000E+000	  0.00000E+000
  2.84766E+001	  1.85206E+002	  0.00000E+000	  0.00000E+000	  0.00000E+000
  2.85938E+001	  1.89049E+002	  0.00000E+000	  0.00000E+000	  0.00000E+000
  2.87109E+001	  1.87549E+002	  0.00000E+000	  0.00000E+000	  0.00000E+000
  2.88281E+001	  1.86237E+002	  0.00000E+000	  0.00000E+000	  0.00000E+000
  2.89453E+001	  1.86655E+002	  0.00000E+000	  0.00000E+000	  0.00000E+000
  2.90625E+001	  1.93821E+002	  0.00000E+000	  0.00000E+000	  0.00000E+000
  2.91797E+001	  1.92909E+002	  0.00000E+000	  0.00000E+000	  0.00000E+000
  2.92969E+001	  1.92458E+002	  0.00000E+000	  0.00000E+000	  0.00000E+000
  2.94141E+001	  1.85462E+002	  0.00000E+000	  0.00000E+000	  0.00000E+000
  2.95313E+001	  1.82547E+002	  0.00000E+000	  0.00000E+000	  0.00000E+000
  2.96484E+001	  1.93583E+002	  0.00000E+000	  0.00000E+000	  0.00000E+000
  2.97656E+001	  1.94699E+002	  0.00000E+000	  0.00000E+000	  0.00000E+000
