  1.17188E-001	  1.30200E+002	  0.00000E+000	  0.00000E+000	  0.00000E+000
  2.34375E-001	  1.31597E+002	  0.00000E+000	  0.00000E+000	  0.00000E+000
  3.51563E-001	  1.28939E+002	  0.00000E+000	  0.00000E+000	  0.00000E+000
  4.68750E-001	  1.29441E+002	  0.00000E+000	  0.00000E+000	  0.00000E+000
  5.85938E-001	  1.32398E+002	  0.00000E+000	  0.00000E+000	  0.00000E+000
  7.03125E-001	  1.33574E+002	  0.00000E+000	  0.00000E+000	  0.00000E+000
  8.20313E-001	  1.29169E+002	  0.00000E+000	  0.00000E+000	  0.00000E+000
  9.37500E-001	  1.30123E+002	  0.00000E+000	  0.00000E+000	  0.00000E+000
  1.05469E+000	  1.26578E+002	  0.00000E+000	  0.00000E+000	  0.00000E+000
  1.17188E+000	  1.24482E+002	  0.00000E+000	  0.00000E+000	  0.00000E+000
  1.28906E+000	  1.30873E+002	  0.00000E+000	  0.00000E+000	  0.00000E+000
  1.40625E+000	  1.28231E+002	  0.00000E+000	  0.00000E+000	  0.00000E+000
  1.52344E+000	  1.29262E+002	  0.00000E+000	  0.00000E+000	  0.00000E+000
  1.64063E+000	  1.26979E+002	  0.00000E+000	  0.00000E+000	  0.00000E+000
  1.75781E+000	  1.30447E+002	  0.00000E+000	  0.00000E+000	  0.00000E+000
  1.87500E+000	  1.23792E+002	  0.00000E+000	  0.00000E+000	  0.00000E+000
  1.99219E+000	  1.28615E+002	  0.00000E+000	  0.00000E+000	  0.00000E+000
  2.10938E+000	  1.27694E+002	  0.00000E+000	  0.00000E+000	  0.00000E+000
  2.22656E+000	  1.30353E+002	  0.00000E+000	  0.00000E+000	  0.00000E+000
  2.34375E+000	  1.27464E+002	  0.00000E+000	  0.00000E+000	  0.00000E+000
  2.46094E+000	  1.26749E+002	  0.00000E+000	  0.00000E+000	  0.00000E+000
  2.57813E+000	  1.31452E+002	  0.00000E+000	  0.00000E+000	  0.00000E+000
  2.69531E+000	  1.26783E+002	  0.00000E+000	  0.00000E+000	  0.00000E+000
  2.81250E+000	  1.30575E+002	  0.00000E+000	  0.00000E+000	  0.00000E+000
  2.92969E+000	  1.31648E+002	  0.00000E+000	  0.00000E+000	  0.00000E+000
  3.04688E+000	  1.28385E+002	  0.00000E+000	  0.00000E+000	  0.00000E+000
  3.16406E+000	  1.27959E+002	  0.00000E+000	  0.00000E+000	  0.00000E+000
  3.28125E+000	  1.29569E+002	  0.00000E+000	  0.00000E+000	  0.00000E+000
  3.39844E+000	  1.27609E+002	  0.00000E+000	  0.00000E+000	  0.00000E+000
  3.51563E+000	  1.31146E+002	  0.00000E+000	  0.00000E+000	  0.00000E+000
  3.63281E+000	  1.28300E+002	  0.00000E+000	  0.00000E+000	  0.00000E+000
  3.75000E+000	  1.29433E+002	  0.00000E+000	  0.00000E+000	  0.00000E+000
  3.86719E+000	  1.34401E+002	  0.00000E+000	  0.00000E+000	  0.00000E+000
  3.98438E+000	  1.26229E+002	  0.00000E+000	  0.00000E+000	  0.00000E+000
  4.10156E+000	  1.29109E+002	  0.00000E+000	  0.00000E+000	  0.00000E+000
  4.21875E+000	  1.30575E+002	  0.00000E+000	  0.00000E+000	  0.00000E+000
  4.33594E+000	  1.28419E+002	  0.00000E+000	  0.00000E+000	  0.00000E+000
  4.45313E+000	  1.30473E+002	  0.00000E+000	  0.00000E+000	  0.00000E+000
  4.57031E+000	  1.30200E+002	  0.00000E+000	  0.00000E+000	  0.00000E+000
  4.68750E+000	  1.29424E+002	  0.00000E+000	  0.00000E+000	  0.00000E+000
  4.80469E+000	  1.23434E+002	  0.00000E+000	  0.00000E+000	  0.00000E+000
  4.92188E+000	  1.34827E+002	  0.00000E+000	  0.00000E+000	  0.00000E+000
  5.03906E+000	  1.30933E+002	  0.00000E+000	  0.00000E+000	  0.00000E+000
  5.15625E+000	  1.29510E+002	  0.00000E+000	  0.00000E+000	  0.00000E+000
  5.27344E+000	  1.30660E+002	  0.00000E+000	  0.00000E+000	  0.00000E+000
  5.39063E+000	  1.27712E+002	  0.00000E+000	  0.00000E+000	  0.00000E+000
  5.50781E+000	  1.28777E+002	  0.00000E+000	  0.00000E+000	  0.00000E+000
  5.62500E+000	  1.27660E+002	  0.00000E+000	  0.00000E+000	  0.00000E+000
  5.74219E+000	  1.31316E+002	  0.00000E+000	  0.00000E+000	  0.00000E+000
  5.85938E+000	  1.28104E+002	  0.00000E+000	  0.00000E+000	  0.00000E+000
  5.97656E+000	  1.29135E+002	  0.00000E+000	  0.00000E+000	  0.00000E+000
  6.09375E+000	  1.33208E+002	  0.00000E+000	  0.00000E+000	  0.00000E+000
  6.21094E+000	  1.27456E+002	  0.00000E+000	  0.00000E+000	  0.00000E+000
  6.32813E+000	  1.30813E+002	  0.00000E+000	  0.00000E+000	  0.00000E+000
  6.44531E+000	  1.27541E+002	  0.00000E+000	  0.00000E+000	  0.00000E+000
  6.56250E+000	  1.33660E+002	  0.00000E+000	  0.00000E+000	  0.00000E+000
  6.67969E+000	  1.27908E+002	  0.00000E+000	  0.00000E+000	  0.00000E+000
  6.79688E+000	  1.28248E+002	  0.00000E+000	  0.00000E+000	  0.00000E+000
  6.91406E+000	  1.31521E+002	  0.00000E+000	  0.00000E+000	  0.00000E+000
  7.03125E+000	  1.29723E+002	  0.00000E+000	  0.00000E+000	  0.00000E+000
  7.14844E+000	  1.27618E+002	  0.00000E+000	  0.00000E+000	  0.00000E+000
  7.26563E+000	  1.29322E+002	  0.00000E+000	  0.00000E+000	  0.00000E+000
  7.38281E+000	  1.32526E+002	  0.00000E+000	  0.00000E+000	  0.00000E+000
  7.50000E+000	  1.26391E+002	  0.00000E+000	  0.00000E+000	  0.00000E+000
  7.61719E+000	  1.27158E+002	  0.00000E+000	  0.00000E+000	  0.00000E+000
  7.73438E+000	  1.29714E+002	  0.00000E+000	  0.00000E+000	  0.00000E+000
  7.85156E+000	  1.33344E+002	  0.00000E+000	  0.00000E+000	  0.00000E+000
  7.96875E+000	  1.29689E+002	  0.00000E+000	  0.00000E+000	  0.00000E+000
  8.08594E+000	  1.31938E+002	  0.00000E+000	  0.00000E+000	  0.00000E+000
  8.20313E+000	  1.26323E+002	  0.00000E+000	  0.00000E+000	  0.00000E+000
  8.32031E+000	  1.28214E+002	  0.00000E+000	  0.00000E+000	  0.00000E+000
  8.43750E+000	  1.30268E+002	  0.00000E+000	  0.00000E+000	  0.00000E+000
  8.55469E+000	  1.27183E+002	  0.00000E+000	  0.00000E+000	  0.00000E+000
  8.67188E+000	  1.28325E+002	  0.00000E+000	  0.00000E+000	  0.00000E+000
  8.78906E+000	  1.33225E+002	  0.00000E+000	  0.00000E+000	  0.00000E+000
  8.90625E+000	  1.26604E+002	  0.00000E+000	  0.00000E+000	  0.00000E+000
  9.02344E+000	  1.34554E+002	  0.00000E+000	  0.00000E+000	  0.00000E+000
  9.14063E+000	  1.29637E+002	  0.00000E+000	  0.00000E+000	  0.00000E+000
  9.25781E+000	  1.30643E+002	  0.00000E+000	  0.00000E+000	  0.00000E+000
  9.37500E+000	  1.26868E+002	  0.00000E+000	  0.00000E+000	  0.00000E+000
  9.49219E+000	  1.30242E+002	  0.00000E+000	  0.00000E+000	  0.00000E+000
  9.60938E+000	  1.23374E+002	  0.00000E+000	  0.00000E+000	  0.00000E+000
  9.72656E+000	  1.31921E+002	  0.00000E+000	  0.00000E+000	  0.00000E+000
  9.84375E+000	  1.29876E+002	  0.00000E+000	  0.00000E+000	  0.00000E+000
  9.96094E+000	  1.28964E+002	  0.00000E+000	  0.00000E+000	  0.00000E+000
  1.00781E+001	  1.31623E+002	  0.00000E+000	  0.00000E+000	  0.00000E+000
  1.01953E+001	  1.31896E+002	  0.00000E+000	  0.00000E+000	  0.00000E+000
  1.03125E+001	  1.34759E+002	  0.00000E+000	  0.00000E+000	  0.00000E+000
  1.04297E+001	  1.28001E+002	  0.00000E+000	  0.00000E+000	  0.00000E+000
  1.05469E+001	  1.29169E+002	  0.00000E+000	  0.00000E+000	  0.00000E+000
  1.06641E+001	  1.28845E+002	  0.00000E+000	  0.00000E+000	  0.00000E+000
  1.07813E+001	  1.30396E+002	  0.00000E+000	  0.00000E+000	  0.00000E+000
  1.08984E+001	  1.27132E+002	  0.00000E+000	  0.00000E+000	  0.00000E+000
  1.10156E+001	  1.31291E+002	  0.00000E+000	  0.00000E+000	  0.00000E+000
  1.11328E+001	  1.29194E+002	  0.00000E+000	  0.00000E+000	  0.00000E+000
  1.12500E+001	  1.29902E+002	  0.00000E+000	  0.00000E+000	  0.00000E+000
  1.13672E+001	  1.31810E+002	  0.00000E+000	  0.00000E+000	  0.00000E+000
  1.14844E+001	  1.34665E+002	  0.00000E+000	  0.00000E+000	  0.00000E+000
  1.16016E+001	  1.33020E+002	  0.00000E+000	  0.00000E+000	  0.00000E+000
  1.17188E+001	  1.28589E+002	  0.00000E+000	  0.00000E+000	  0.00000E+000
  1.18359E+001	  1.27839E+002	  0.00000E+000	  0.00000E+000	  0.00000E+000
  1.19531E+001	  1.31205E+002	  0.00000E+000	  0.00000E+000	  0.00000E+000
  1.20703E+001	  1.31700E+002	  0.00000E+000	  0.00000E+000	  0.00000E+000
  1.21875E+001	  1.32603E+002	  0.00000E+000	  0.00000E+000	  0.00000E+000
  1.23047E+001	  1.26220E+002	  0.00000E+000	  0.00000E+000	  0.00000E+000
  1.24219E+001	  1.30737E+002	  0.00000E+000	  0.00000E+000	  0.00000E+000
  1.25391E+001	  1.27524E+002	  0.00000E+000	  0.00000E+000	  0.00000E+000
  1.26563E+001	  1.30191E+002	  0.00000E+000	  0.00000E+000	  0.00000E+000
  1.27734E+001	  1.29680E+002	  0.00000E+000	  0.00000E+000	  0.00000E+000
  1.28906E+001	  1.31231E+002	  0.00000E+000	  0.00000E+000	  0.00000E+000
  1.30078E+001	  1.31827E+002	  0.00000E+000	  0.00000E+000	  0.00000E+000
  1.31250E+001	  1.32645E+002	  0.00000E+000	  0.00000E+000	  0.00000E+000
  1.32422E+001	  1.30089E+002	  0.00000E+000	  0.00000E+000	  0.00000E+000
  1.33594E+001	  1.28112E+002	  0.00000E+000	  0.00000E+000	  0.00000E+000
  1.34766E+001	  1.33643E+002	  0.00000E+000	  0.00000E+000	  0.00000E+000
  1.35938E+001	  1.29135E+002	  0.00000E+000	  0.00000E+000	  0.00000E+000
  1.37109E+001	  1.30285E+002	  0.00000E+000	  0.00000E+000	  0.00000E+000
  1.38281E+001	  1.26476E+002	  0.00000E+000	  0.00000E+000	  0.00000E+000
  1.39453E+001	  1.31376E+002	  0.00000E+000	  0.00000E+000	  0.00000E+000
  1.40625E+001	  1.28317E+002	  0.00000E+000	  0.00000E+000	  0.00000E+000
  1.41797E+001	  1.26953E+002	  0.00000E+000	  0.00000E+000	  0.00000E+000
  1.42969E+001	  1.27618E+002	  0.00000E+000	  0.00000E+000	  0.00000E+000
  1.44141E+001	  1.26484E+002	  0.00000E+000	  0.00000E+000	  0.00000E+000
  1.45313E+001	  1.29714E+002	  0.00000E+000	  0.00000E+000	  0.00000E+000
  1.46484E+001	  1.29671E+002	  0.00000E+000	  0.00000E+000	  0.00000E+000
  1.47656E+001	  1.27107E+002	  0.00000E+000	  0.00000E+000	  0.00000E+000
  1.48828E+001	  1.29748E+002	  0.00000E+000	  0.00000E+000	  0.00000E+000
  1.50000E+001	  1.24823E+002	  0.00000E+000	  0.00000E+000	  0.00000E+000
  1.51172E+001	  1.27098E+002	  0.00000E+000	  0.00000E+000	  0.00000E+000
  1.52344E+001	  1.30992E+002	  0.00000E+000	  0.00000E+000	  0.00000E+000
  1.53516E+001	  1.35466E+002	  0.00000E+000	  0.00000E+000	  0.00000E+000
  1.54688E+001	  1.26553E+002	  0.00000E+000	  0.00000E+000	  0.00000E+000
  1.55859E+001	  1.29774E+002	  0.00000E+000	  0.00000E+000	  0.00000E+000
  1.57031E+001	  1.32807E+002	  0.00000E+000	  0.00000E+000	  0.00000E+000
  1.58203E+001	  1.30830E+002	  0.00000E+000	  0.00000E+000	  0.00000E+000
  1.59375E+001	  1.28973E+002	  0.00000E+000	  0.00000E+000	  0.00000E+000
  1.60547E+001	  1.33643E+002	  0.00000E+000	  0.00000E+000	  0.00000E+000
  1.61719E+001	  1.25164E+002	  0.00000E+000	  0.00000E+000	  0.00000E+000
  1.62891E+001	  1.26885E+002	  0.00000E+000	  0.00000E+000	  0.00000E+000
  1.64063E+001	  1.28478E+002	  0.00000E+000	  0.00000E+000	  0.00000E+000
  1.65234E+001	  1.30864E+002	  0.00000E+000	  0.00000E+000	  0.00000E+000
  1.66406E+001	  1.26928E+002	  0.00000E+000	  0.00000E+000	  0.00000E+000
  1.67578E+001	  1.28061E+002	  0.00000E+000	  0.00000E+000	  0.00000E+000
  1.68750E+001	  1.27234E+002	  0.00000E+000	  0.00000E+000	  0.00000E+000
  1.69922E+001	  1.34836E+002	  0.00000E+000	  0.00000E+000	  0.00000E+000
  1.71094E+001	  1.27652E+002	  0.00000E+000	  0.00000E+000	  0.00000E+000
  1.72266E+001	  1.28317E+002	  0.00000E+000	  0.00000E+000	  0.00000E+000
  1.73438E+001	  1.29152E+002	  0.00000E+000	  0.00000E+000	  0.00000E+000
  1.74609E+001	  1.27379E+002	  0.00000E+000	  0.00000E+000	  0.00000E+000
  1.75781E+001	  1.27873E+002	  0.00000E+000	  0.00000E+000	  0.00000E+000
  1.76953E+001	  1.31461E+002	  0.00000E+000	  0.00000E+000	  0.00000E+000
  1.78125E+001	  1.32168E+002	  0.00000E+000	  0.00000E+000	  0.00000E+000
  1.79297E+001	  1.27516E+002	  0.00000E+000	  0.00000E+000	  0.00000E+000
  1.80469E+001	  1.25939E+002	  0.00000E+000	  0.00000E+000	  0.00000E+000
  1.81641E+001	  1.27303E+002	  0.00000E+000	  0.00000E+000	  0.00000E+000
  1.82813E+001	  1.26186E+002	  0.00000E+000	  0.00000E+000	  0.00000E+000
  1.83984E+001	  1.28521E+002	  0.00000E+000	  0.00000E+000	  0.00000E+000
  1.85156E+001	  1.27720E+002	  0.00000E+000	  0.00000E+000	  0.00000E+000
  1.86328E+001	  1.24686E+002	  0.00000E+000	  0.00000E+000	  0.00000E+000
  1.87500E+001	  1.30379E+002	  0.00000E+000	  0.00000E+000	  0.00000E+000
  1.88672E+001	  1.30762E+002	  0.00000E+000	  0.00000E+000	  0.00000E+000
  1.89844E+001	  1.26740E+002	  0.00000E+000	  0.00000E+000	  0.00000E+000
  1.91016E+001	  1.27345E+002	  0.00000E+000	  0.00000E+000	  0.00000E+000
  1.92188E+001	  1.31879E+002	  0.00000E+000	  0.00000E+000	  0.00000E+000
  1.93359E+001	  1.27694E+002	  0.00000E+000	  0.00000E+000	  0.00000E+000
  1.94531E+001	  1.28138E+002	  0.00000E+000	  0.00000E+000	  0.00000E+000
  1.95703E+001	  1.30617E+002	  0.00000E+000	  0.00000E+000	  0.00000E+000
  1.96875E+001	  1.28547E+002	  0.00000E+000	  0.00000E+000	  0.00000E+000
  1.98047E+001	  1.26774E+002	  0.00000E+000	  0.00000E+000	  0.00000E+000
  1.99219E+001	  1.32586E+002	  0.00000E+000	  0.00000E+000	  0.00000E+000
  2.00391E+001	  1.31214E+002	  0.00000E+000	  0.00000E+000	  0.00000E+000
  2.01563E+001	  1.29118E+002	  0.00000E+000	  0.00000E+000	  0.00000E+000
  2.02734E+001	  1.28240E+002	  0.00000E+000	  0.00000E+000	  0.00000E+000
  2.03906E+001	  1.32535E+002	  0.00000E+000	  0.00000E+000	  0.00000E+000
  2.05078E+001	  1.29833E+002	  0.00000E+000	  0.00000E+000	  0.00000E+000
  2.06250E+001	  1.29859E+002	  0.00000E+000	  0.00000E+000	  0.00000E+000
  2.07422E+001	  1.26297E+002	  0.00000E+000	  0.00000E+000	  0.00000E+000
  2.08594E+001	  1.28197E+002	  0.00000E+000	  0.00000E+000	  0.00000E+000
  2.09766E+001	  1.24848E+002	  0.00000E+000	  0.00000E+000	  0.00000E+000
  2.10938E+001	  1.29561E+002	  0.00000E+000	  0.00000E+000	  0.00000E+000
  2.12109E+001	  1.27507E+002	  0.00000E+000	  0.00000E+000	  0.00000E+000
  2.13281E+001	  1.27754E+002	  0.00000E+000	  0.00000E+000	  0.00000E+000
  2.14453E+001	  1.31717E+002	  0.00000E+000	  0.00000E+000	  0.00000E+000
  2.15625E+001	  1.28240E+002	  0.00000E+000	  0.00000E+000	  0.00000E+000
  2.16797E+001	  1.25130E+002	  0.00000E+000	  0.00000E+000	  0.00000E+000
  2.17969E+001	  1.24303E+002	  0.00000E+000	  0.00000E+000	  0.00000E+000
  2.19141E+001	  1.29450E+002	  0.00000E+000	  0.00000E+000	  0.00000E+000
  2.20313E+001	  1.29501E+002	  0.00000E+000	  0.00000E+000	  0.00000E+000
  2.21484E+001	  1.28359E+002	  0.00000E+000	  0.00000E+000	  0.00000E+000
  2.22656E+001	  1.28870E+002	  0.00000E+000	  0.00000E+000	  0.00000E+000
  2.23828E+001	  1.31197E+002	  0.00000E+000	  0.00000E+000	  0.00000E+000
  2.25000E+001	  1.31239E+002	  0.00000E+000	  0.00000E+000	  0.00000E+000
  2.26172E+001	  1.26263E+002	  0.00000E+000	  0.00000E+000	  0.00000E+000
  2.27344E+001	  1.28862E+002	  0.00000E+000	  0.00000E+000	  0.00000E+000
  2.28516E+001	  1.30259E+002	  0.00000E+000	  0.00000E+000	  0.00000E+000
  2.29688E+001	  1.32628E+002	  0.00000E+000	  0.00000E+000	  0.00000E+000
  2.30859E+001	  1.33455E+002	  0.00000E+000	  0.00000E+000	  0.00000E+000
  2.32031E+001	  1.24678E+002	  0.00000E+000	  0.00000E+000	  0.00000E+000
  2.33203E+001	  1.26041E+002	  0.00000E+000	  0.00000E+000	  0.00000E+000
  2.34375E+001	  1.30703E+002	  0.00000E+000	  0.00000E+000	  0.00000E+000
  2.35547E+001	  1.28990E+002	  0.00000E+000	  0.00000E+000	  0.00000E+000
  2.36719E+001	  1.30115E+002	  0.00000E+000	  0.00000E+000	  0.00000E+000
  2.37891E+001	  1.30464E+002	  0.00000E+000	  0.00000E+000	  0.00000E+000
  2.39063E+001	  1.32569E+002	  0.00000E+000	  0.00000E+000	  0.00000E+000
  2.40234E+001	  1.30106E+002	  0.00000E+000	  0.00000E+000	  0.00000E+000
  2.41406E+001	  1.26655E+002	  0.00000E+000	  0.00000E+000	  0.00000E+000
  2.42578E+001	  1.28086E+002	  0.00000E+000	  0.00000E+000	  0.00000E+000
  2.43750E+001	  1.27942E+002	  0.00000E+000	  0.00000E+000	  0.00000E+000
  2.44922E+001	  1.26766E+002	  0.00000E+000	  0.00000E+000	  0.00000E+000
  2.46094E+001	  1.28487E+002	  0.00000E+000	  0.00000E+000	  0.00000E+000
  2.47266E+001	  1.34750E+002	  0.00000E+000	  0.00000E+000	  0.00000E+000
  2.48438E+001	  1.29339E+002	  0.00000E+000	  0.00000E+000	  0.00000E+000
  2.49609E+001	  1.25019E+002	  0.00000E+000	  0.00000E+000	  0.00000E+000
  2.50781E+001	  1.30617E+002	  0.00000E+000	  0.00000E+000	  0.00000E+000
  2.51953E+001	  1.30157E+002	  0.00000E+000	  0.00000E+000	  0.00000E+000
  2.53125E+001	  1.29237E+002	  0.00000E+000	  0.00000E+000	  0.00000E+000
  2.54297E+001	  1.32697E+002	  0.00000E+000	  0.00000E+000	  0.00000E+000
  2.55469E+001	  1.27652E+002	  0.00000E+000	  0.00000E+000	  0.00000E+000
  2.56641E+001	  1.29101E+002	  0.00000E+000	  0.00000E+000	  0.00000E+000
  2.57813E+001	  1.31418E+002	  0.00000E+000	  0.00000E+000	  0.00000E+000
  2.58984E+001	  1.26885E+002	  0.00000E+000	  0.00000E+000	  0.00000E+000
  2.60156E+001	  1.31146E+002	  0.00000E+000	  0.00000E+000	  0.00000E+000
  2.61328E+001	  1.31248E+002	  0.00000E+000	  0.00000E+000	  0.00000E+000
  2.62500E+001	  1.28359E+002	  0.00000E+000	  0.00000E+000	  0.00000E+000
  2.63672E+001	  1.29373E+002	  0.00000E+000	  0.00000E+000	  0.00000E+000
  2.64844E+001	  1.32049E+002	  0.00000E+000	  0.00000E+000	  0.00000E+000
  2.66016E+001	  1.27456E+002	  0.00000E+000	  0.00000E+000	  0.00000E+000
  2.67188E+001	  1.29126E+002	  0.00000E+000	  0.00000E+000	  0.00000E+000
  2.68359E+001	  1.31836E+002	  0.00000E+000	  0.00000E+000	  0.00000E+000
  2.69531E+001	  1.33003E+002	  0.00000E+000	  0.00000E+000	  0.00000E+000
  2.70703E+001	  1.26595E+002	  0.00000E+000	  0.00000E+000	  0.00000E+000
  2.71875E+001	  1.28368E+002	  0.00000E+000	  0.00000E+000	  0.00000E+000
  2.73047E+001	  1.29603E+002	  0.00000E+000	  0.00000E+000	  0.00000E+000
  2.74219E+001	  1.28700E+002	  0.00000E+000	  0.00000E+000	  0.00000E+000
  2.75391E+001	  1.30694E+002	  0.00000E+000	  0.00000E+000	  0.00000E+000
  2.76563E+001	  1.29544E+002	  0.00000E+000	  0.00000E+000	  0.00000E+000
  2.77734E+001	  1.31844E+002	  0.00000E+000	  0.00000E+000	  0.00000E+000
  2.78906E+001	  1.31461E+002	  0.00000E+000	  0.00000E+000	  0.00000E+000
  2.80078E+001	  1.31487E+002	  0.00000E+000	  0.00000E+000	  0.00000E+000
  2.81250E+001	  1.24311E+002	  0.00000E+000	  0.00000E+000	  0.00000E+000
  2.82422E+001	  1.31793E+002	  0.00000E+000	  0.00000E+000	  0.00000E+000
  2.83594E+001	  1.25769E+002	  0.00000E+000	  0.00000E+000	  0.00000E+000
  2.84766E+001	  1.30694E+002	  0.00000E+000	  0.00000E+000	  0.00000E+000
  2.85938E+001	  1.29748E+002	  0.00000E+000	  0.00000E+000	  0.00000E+000
  2.87109E+001	  1.31623E+002	  0.00000E+000	  0.00000E+000	  0.00000E+000
  2.88281E+001	  1.25581E+002	  0.00000E+000	  0.00000E+000	  0.00000E+000
  2.89453E+001	  1.32381E+002	  0.00000E+000	  0.00000E+000	  0.00000E+000
  2.90625E+001	  1.33268E+002	  0.00000E+000	  0.00000E+000	  0.00000E+000
  2.91797E+001	  1.31597E+002	  0.00000E+000	  0.00000E+000	  0.00000E+000
  2.92969E+001	  1.29791E+002	  0.00000E+000	  0.00000E+000	  0.00000E+000
  2.94141E+001	  1.25036E+002	  0.00000E+000	  0.00000E+000	  0.00000E+000
  2.95313E+001	  1.26672E+002	  0.00000E+000	  0.00000E+000	  0.00000E+000
  2.96484E+001	  1.32807E+002	  0.00000E+000	  0.00000E+000	  0.00000E+000
  2.97656E+001	  1.27004E+002	  0.00000E+000	  0.00000E+000	  0.00000E+000
