Distance_(microns)	Gray_Value
0.00000	0
0.00365	276.640
0.00730	213.000
0.01095	106.500
0.01459	197.415
0.01824	249.366
0.02189	41.561
0.02554	112.994
0.02919	394.829
0.03284	88.317
0.03648	140.268
0.04013	162.348
0.04378	213.000
0.04743	215.726
0.05108	400.024
0.05473	318.201
0.05838	244.171
0.06202	289.988
0.06567	249.366
0.06932	213.000
0.07297	280.537
0.07662	280.537
0.08027	213.000
0.08391	310.409
0.08756	259.756
0.09121	250.665
0.09486	316.902
0.09851	227.476
0.10216	213.000
0.10581	296.122
0.10945	10.390
0.11310	448.500
0.11675	702.341
0.12040	365.171
0.12405	119.488
0.12770	106.500
0.13134	72.732
0.13499	220.793
0.13864	384.439
0.14229	74.030
0.14594	0
0.14959	106.500
0.15324	213.000
0.15688	213.000
0.16053	192.220
0.16418	3.896
0.16783	0
0.17148	106.500
0.17513	119.488
0.17878	289.915
0.18242	0
0.18607	67.616
0.18972	213.000
0.19337	213.000
0.19702	535.854
0.20067	120.976
0.20431	103.902
0.20796	181.829
0.21161	166.244
0.21526	0
0.21891	0
0.22256	174.037
0.22621	572.146
0.22985	192.445
0.23350	0
0.23715	59.744
0.24080	363.659
0.24445	3.896
0.24810	187.024
0.25174	54.549
0.25539	390.244
0.25904	223.652
0.26269	0
0.26634	253.659
0.26999	31.171
0.27364	219.524
0.27728	0
0.28093	177.933
0.28458	213.000
0.28823	192.220
0.29188	155.854
0.29553	0
0.29917	0
0.30282	106.500
0.30647	213.000
0.31012	42.860
0.31377	98.707
0.31742	71.433
0.32107	0
0.32471	6.494
0.32836	0
0.33201	106.500
0.33566	0
0.33931	55.848
0.34296	213.000
0.34660	161.049
0.35025	187.024
0.35390	1.299
0.35755	0
0.36120	106.500
0.36485	88.317
0.36850	48.055
0.37214	145.463
0.37579	87.018
0.37944	0
0.38309	0
0.38674	0
0.39039	68.835
0.39403	103.902
0.39768	66.238
0.40133	0
0.40498	189.622
0.40863	10.390
0.41228	16.884
0.41593	0
0.41957	0
0.42322	0
0.42687	32.470
0.43052	36.366
0.43417	102.604
0.43782	0
0.44147	106.500
0.44511	270.146
0.44876	159.750
0.45241	0
0.45606	24.677
0.45971	192.220
0.46336	3.896
0.46700	0
0.47065	138.970
0.47430	93.512
0.47795	90.915
0.48160	213.000
0.48525	106.500
0.48890	207.805
0.49254	11.689
0.49619	0
0.49984	40.262
0.50349	0
0.50714	0
0.51079	0
0.51443	0
0.51808	0
0.52173	87.018
0.52538	67.537
0.52903	116.890
0.53268	0
0.53633	29.872
0.53997	181.829
0.54362	0
0.54727	0
0.55092	0
0.55457	0
0.55822	162.348
0.56186	72.732
0.56551	84.421
0.56916	0
0.57281	0
0.57646	171.439
0.58011	176.634
0.58376	98.707
0.58740	63.640
0.59105	0
0.59470	0
0.59835	0
0.60200	0
0.60565	0
0.60929	170.140
0.61294	311.707
0.61659	284.433
0.62024	384.439
0.62389	112.994
0.62754	197.415
0.63119	106.500
0.63483	0
0.63848	162.348
0.64213	213.000
0.64578	79.226
0.64943	25.976
0.65308	213.000
0.65672	31.171
0.66037	106.500
0.66402	88.317
0.66767	58.445
0.67132	67.537
0.67497	319.500
0.67862	202.610
0.68226	124.683
0.68591	46.756
0.68956	0
0.69321	0
0.69686	80.524
0.70051	161.049
0.70415	35.067
0.70780	207.805
0.71145	106.500
0.71510	62.341
0.71875	243.085
0.72240	306.512
0.72605	444.530
0.72969	36.366
0.73334	213.000
0.73699	213.000
0.74064	377.030
0.74429	717.927
0.74794	266.500
0.75159	348.073
0.75523	188.323
0.75888	41.561
0.76253	209.104
0.76618	0
0.76983	204.061
0.77348	213.000
0.77712	61.043
0.78077	124.683
0.78442	426.000
0.78807	415.610
0.79172	153.311
0.79537	374.049
0.79902	213.000
0.80266	213.000
0.80631	175.335
0.80996	259.756
0.81361	310.409
0.81726	213.000
0.82091	339.073
0.82455	135.073
0.82820	378.171
0.83185	426.000
0.83550	499.012
0.83915	910.000
0.84280	423.896
0.84645	104.024
0.85009	1192.598
0.85374	1102.756
0.85739	1010.152
0.86104	1268.927
0.86469	661.579
0.86834	441.659
0.87198	733.482
0.87563	1024.439
0.87928	709.799
0.88293	738.707
0.88658	1067.500
0.89023	894.293
0.89388	760.354
0.89752	1066.000
0.90117	1037.860
0.90482	1108.293
0.90847	1045.421
0.91212	951.707
0.91577	1064.866
0.91941	1284.805
0.92306	1127.482
0.92671	931.073
0.93036	875.079
0.93401	1134.195
0.93766	1223.890
0.94131	1076.610
0.94495	800.805
0.94860	613.902
0.95225	534.305
0.95590	1186.341
0.95955	976.384
0.96320	1066.000
0.96684	1183.390
0.97049	1493.000
0.97414	1230.372
0.97779	702.439
0.98144	1633.640
0.98509	827.244
0.98874	539.671
0.99238	1513.805
0.99603	1478.524
0.99968	1284.951
1.00333	1174.579
1.00698	254.634
1.01063	925.732
1.01428	889.659
1.01792	1036.415
1.02157	546.049
1.02522	941.274
1.02887	712.732
1.03252	856.896
1.03617	832.219
1.03981	902.469
1.04346	1066.000
1.04711	586.250
1.05076	640.000
1.05441	615.207
1.05806	426.000
1.06171	623.896
1.06535	1029.634
1.06900	820.378
1.07265	519.951
1.07630	685.171
1.07995	640.000
1.08360	802.268
1.08724	842.585
1.09089	556.433
1.09454	962.098
1.09819	931.049
1.10184	535.610
1.10549	319.677
1.10914	280.976
1.11278	825.683
1.11643	426.000
1.12008	251.963
1.12373	145.463
1.12738	357.390
1.13103	124.683
1.13467	89.756
1.13832	546.341
1.14197	111.701
1.14562	587.927
1.14927	399.226
1.15292	249.756
1.15657	157.152
1.16021	140.268
1.16386	190.921
1.16751	244.244
1.17116	406.988
1.17481	384.439
1.17846	462.701
1.18210	311.707
1.18575	106.500
1.18940	213.000
1.19305	333.854
1.19670	640.000
1.20035	426.067
1.20400	114.293
1.20764	276.640
1.21129	311.707
1.21494	284.433
1.21859	83.122
1.22224	219.494
1.22589	197.415
1.22953	297.421
1.23318	353.268
1.23683	207.805
1.24048	296.122
1.24413	185.726
1.24778	187.024
1.25143	3.896
1.25507	0
1.25872	0
1.26237	249.366
1.26602	388.610
1.26967	213.000
1.27332	106.500
1.27696	10.390
1.28061	514.817
1.28426	353.488
1.28791	281.835
1.29156	207.805
1.29521	227.287
1.29886	374.049
1.30250	118.189
1.30615	415.610
1.30980	229.884
1.31345	426.000
1.31710	274.043
1.32075	332.488
1.32440	138.970
1.32804	249.366
1.33169	311.707
1.33534	20.780
1.33899	106.500
1.34264	0
1.34629	0
1.34993	155.854
1.35358	368.970
1.35723	790.561
1.36088	122.104
1.36453	176.634
1.36818	130.030
1.37183	0
1.37547	106.500
1.37912	150.659
1.38277	196.116
1.38642	0
1.39007	94.811
1.39372	374.049
1.39736	492.549
1.40101	213.000
1.40466	250.665
1.40831	566.488
1.41196	496.591
1.41561	202.610
1.41926	300.427
1.42290	145.463
1.42655	261.055
1.43020	691.366
1.43385	473.256
1.43750	546.341
1.44115	5.201
1.44479	187.024
1.44844	106.500
1.45209	129.878
1.45574	324.957
1.45939	285.732
1.46304	426.104
1.46669	593.171
1.47033	26.006
1.47398	0
1.47763	320.799
1.48128	311.707
1.48493	213.000
1.48858	114.293
1.49222	227.287
1.49587	426.000
1.49952	319.500
1.50317	213.000
1.50682	213.000
1.51047	114.293
1.51412	141.567
1.51776	342.878
1.52141	106.500
1.52506	15.585
1.52871	275.341
1.53236	285.732
1.53601	213.000
1.53965	0
1.54330	106.500
1.54695	213.000
1.55060	211.701
1.55425	31.171
1.55790	213.000
1.56155	249.366
1.56519	116.890
1.56884	67.537
1.57249	367.963
1.57614	0
1.57979	0
1.58344	0
1.58709	106.500
1.59073	103.902
1.59438	120.787
1.59803	161.049
1.60168	284.878
1.60533	15.610
1.60898	106.500
1.61262	213.000
1.61627	151.957
1.61992	213.000
1.62357	138.970
1.62722	0
1.63087	102.604
1.63452	20.780
1.63816	0
1.64181	0
1.64546	53.250
1.64911	290.927
1.65276	245.470
1.65641	0
1.66005	0
1.66370	0
1.66735	106.500
1.67100	93.512
1.67465	0
1.67830	0
1.68195	33.768
1.68559	415.610
1.68924	35.067
1.69289	161.049
1.69654	319.500
1.70019	322.098
1.70384	106.500
1.70748	166.244
1.71113	9.091
1.71478	202.610
1.71843	19.482
1.72208	0
1.72573	48.055
1.72938	0
1.73302	29.872
1.73667	213.000
1.74032	105.201
1.74397	0
1.74762	0
1.75127	0
1.75491	0
1.75856	0
1.76221	106.500
1.76586	197.415
1.76951	6.494
1.77316	0
1.77681	35.067
1.78045	0
1.78410	106.500
1.78775	57.146
1.79140	92.213
1.79505	0
1.79870	106.500
1.80234	57.146
1.80599	0
1.80964	98.707
1.81329	177.933
1.81694	41.561
1.82059	100.006
1.82424	0
1.82788	0
1.83153	280.537
1.83518	101.305
1.83883	249.756
1.84248	317.274
1.84613	25.976
1.84977	527.799
1.85342	124.829
1.85707	229.884
1.86072	337.683
1.86437	329.890
1.86802	145.463
1.87167	38.963
1.87531	436.439
1.87896	329.049
1.88261	0
1.88626	106.500
1.88991	431.707
1.89356	279.549
1.89721	322.098
1.90085	213.000
1.90450	218.195
1.90815	213.000
1.91180	363.659
1.91545	319.500
1.91910	613.463
1.92274	328.939
1.92639	176.634
1.93004	220.793
1.93369	426.000
1.93734	344.177
1.94099	561.707
1.94464	213.250
1.94828	0
1.95193	213.000
1.95558	0
1.95923	513.500
1.96288	358.634
1.96653	138.970
1.97017	119.488
1.97382	213.000
1.97747	426.000
1.98112	555.000
1.98477	0
1.98842	11.689
1.99207	322.098
1.99571	187.024
1.99936	213.000
2.00301	219.671
2.00666	712.512
2.01031	399.183
2.01396	233.829
2.01760	145.463
2.02125	358.463
2.02490	484.720
2.02855	587.634
2.03220	196.116
2.03585	488.488
2.03950	634.299
2.04314	426.000
2.04679	215.726
2.05044	83.122
2.05409	370.415
2.05774	353.268
2.06139	275.341
2.06503	213.000
2.06868	419.976
2.07233	124.878
2.07598	142.866
2.07963	0
2.08328	235.079
2.08693	483.415
2.09057	703.506
2.09422	426.000
2.09787	717.427
2.10152	441.854
2.10517	319.799
2.10882	540.829
2.11246	566.598
2.11611	1155.122
2.11976	526.476
2.12341	426.000
2.12706	448.579
2.13071	358.805
2.13436	375.610
2.13800	379.634
2.14165	426.500
2.14530	691.951
2.14895	742.104
2.15260	972.341
2.15625	609.988
2.15989	640.000
2.16354	698.445
2.16719	1144.610
2.17084	737.091
2.17449	1086.829
2.17814	1057.366
2.18179	140.488
2.18543	488.988
2.18908	749.098
2.19273	694.238
2.19638	426.000
2.20003	331.244
2.20368	629.585
2.20733	533.000
2.21097	363.659
2.21462	592.671
2.21827	613.463
2.22192	861.939
2.22557	889.366
2.22922	749.915
2.23286	619.122
2.23651	74.146
2.24016	0
2.24381	533.000
2.24746	426.000
2.25111	607.146
2.25476	640.000
2.25840	544.707
2.26205	72.732
2.26570	213.000
2.26935	238.976
2.27300	303.915
2.27665	426.000
2.28029	746.079
2.28394	213.000
2.28759	213.000
2.29124	374.049
2.29489	267.738
2.29854	421.293
2.30219	419.829
2.30583	213.000
2.30948	203.909
2.31313	213.000
2.31678	542.409
2.32043	640.000
2.32408	368.055
2.32772	728.317
2.33137	336.744
2.33502	213.000
2.33867	320.805
2.34232	238.976
2.34597	319.500
2.34962	296.122
2.35326	218.195
2.35691	285.732
2.36056	448.183
2.36421	31.171
2.36786	332.518
2.37151	556.683
2.37515	569.701
2.37880	410.878
2.38245	384.841
2.38610	640.000
2.38975	412.146
2.39340	426.000
2.39705	42.860
2.40069	155.854
2.40434	255.860
2.40799	327.293
2.41164	248.067
2.41529	384.439
2.41894	513.488
2.42259	259.829
2.42623	279.341
2.42988	285.732
2.43353	202.848
2.43718	332.878
2.44083	317.274
2.44448	0
2.44812	2.598
2.45177	181.829
2.45542	29.872
2.45907	249.366
2.46272	164.945
2.46637	0
2.47002	145.463
2.47366	415.610
2.47731	133.774
2.48096	0
2.48461	326.171
2.48826	109.098
2.49191	172.738
2.49555	264.951
2.49920	213.000
2.50285	207.805
2.50650	213.000
2.51015	0
2.51380	0
2.51745	187.024
2.52109	148.061
2.52474	0
2.52839	7.793
2.53204	192.220
2.53569	49.354
2.53934	0
2.54298	53.250
2.54663	77.927
2.55028	81.823
2.55393	0
2.55758	0
2.56123	0
2.56488	0
2.56852	0
2.57217	0
2.57582	0
2.57947	0
2.58312	0
2.58677	189.622
2.59041	103.902
2.59406	187.213
2.59771	0
2.60136	0
2.60501	0
2.60866	0
2.61231	0
2.61595	0
2.61960	145.463
2.62325	106.500
2.62690	124.683
2.63055	0
2.63420	0
2.63784	0
2.64149	0
2.64514	0
2.64879	129.878
2.65244	55.848
2.65609	0
2.65974	0
2.66338	0
2.66703	0
2.67068	0
2.67433	71.433
2.67798	0
2.68163	85.720
2.68527	311.707
2.68892	14.287
2.69257	213.000
2.69622	106.500
2.69987	0
2.70352	0
2.70717	98.707
2.71081	71.433
2.71446	0
2.71811	0
2.72176	0
2.72541	106.500
2.72906	72.732
2.73271	55.848
2.73635	0
2.74000	27.274
2.74365	187.024
2.74730	1.299
2.75095	181.829
2.75460	29.872
2.75824	0
2.76189	58.445
2.76554	0
2.76919	106.500
2.77284	0
2.77649	9.091
2.78014	0
2.78378	0
2.78743	0
2.79108	40.262
2.79473	161.049
2.79838	0
2.80203	0
2.80567	0
2.80932	0
2.81297	0
2.81662	0
2.82027	0
2.82392	0
2.82757	3.896
2.83121	0
2.83486	0
2.83851	0
2.84216	0
2.84581	0
2.84946	106.500
2.85310	0
2.85675	0
2.86040	0
2.86405	0
2.86770	0
2.87135	45.457
2.87500	0
2.87864	0
2.88229	5.195
2.88594	94.811
2.88959	0
2.89324	0
2.89689	103.902
2.90053	68.835
2.90418	46.756
2.90783	97.409
2.91148	0
2.91513	106.500
2.91878	67.537
2.92243	0
2.92607	0
2.92972	0
2.93337	0
2.93702	105.201
2.94067	25.976
2.94432	0
2.94796	0
2.95161	0
2.95526	0
2.95891	0
2.96256	0
2.96621	0
2.96986	0
2.97350	142.866
2.97715	0
2.98080	0
2.98445	0
2.98810	92.213
2.99175	0
2.99539	0
2.99904	0
3.00269	63.640
3.00634	213.000
3.00999	142.866
3.01364	41.561
3.01729	106.500
3.02093	197.415
3.02458	22.079
3.02823	0
3.03188	55.848
3.03553	129.878
3.03918	0
3.04282	0
3.04647	0
3.05012	0
3.05377	76.628
3.05742	0
3.06107	48.055
3.06472	0
3.06836	87.018
3.07201	0
3.07566	9.091
3.07931	166.244
3.08296	37.665
3.08661	0
3.09026	0
3.09390	0
3.09755	0
3.10120	0
3.10485	0
3.10850	0
3.11215	122.085
3.11579	93.512
3.11944	74.030
3.12309	36.366
3.12674	209.104
3.13039	213.000
3.13404	24.677
3.13769	0
3.14133	53.250
3.14498	0
3.14863	0
3.15228	0
3.15593	0
3.15958	176.634
3.16322	32.470
3.16687	119.488
3.17052	122.085
3.17417	62.341
3.17782	89.616
3.18147	0
3.18512	94.811
3.18876	51.951
3.19241	66.238
3.19606	0
3.19971	0
3.20336	0
3.20701	0
3.21065	0
3.21430	19.482
3.21795	0
3.22160	0
3.22525	88.317
3.22890	76.628
3.23255	0
3.23619	0
3.23984	0
3.24349	79.226
3.24714	83.122
3.25079	151.957
3.25444	140.268
3.25808	22.079
3.26173	197.415
3.26538	106.500
3.26903	41.561
3.27268	0
3.27633	0
3.27998	0
3.28362	0
3.28727	120.787
3.29092	213.000
3.29457	106.500
3.29822	155.854
3.30187	85.720
3.30552	0
3.30916	0
3.31281	0
3.31646	0
3.32011	0
3.32376	0
3.32741	0
3.33105	55.848
3.33470	83.122
3.33835	185.726
3.34200	25.976
3.34565	105.201
3.34930	0
3.35295	0
3.35659	0
3.36024	0
3.36389	0
3.36754	0
3.37119	0
3.37484	0
3.37848	166.244
3.38213	37.665
3.38578	0
3.38943	0
3.39308	0
3.39673	0
3.40038	0
3.40402	89.616
3.40767	0
3.41132	61.043
3.41497	119.488
3.41862	0
3.42227	0
3.42591	106.500
3.42956	213.000
3.43321	24.677
3.43686	0
3.44051	53.250
3.44416	0
3.44781	49.354
3.45145	0
3.45510	102.604
3.45875	36.366
3.46240	74.030
3.46605	213.000
3.46970	61.043
3.47334	0
3.47699	140.348
3.48064	629.585
3.48429	129.933
3.48794	0
3.49159	66.238
3.49524	109.098
3.49888	75.329
3.50253	259.756
3.50618	194.817
3.50983	0
3.51348	0
3.51713	0
3.52077	154.555
3.52442	88.317
3.52807	166.244
3.53172	363.659
3.53537	107.799
3.53902	213.000
3.54267	27.274
3.54631	0
3.54996	0
3.55361	0
3.55726	22.079
3.56091	0
3.56456	0
3.56820	0
3.57185	0
3.57550	0
3.57915	106.500
3.58280	327.561
3.58645	383.573
3.59010	0